7910
7911
7912
7913
7914
7915
7916
7917
7918
7919
7920
7921
7922
7923
7924
7925
7926
7927
7929
7930
7931
7932
7933
7934
7935
7936
7937
7938
7939
7940
7941
7942
7943
7944
7945
7946
7947
7948
7949
7950
7951
7952
7953
7954
7955
7956
7957
7958
7959
7960
7961
7962
7963
7964
7966
7967
7971
7972
7973
7974
7975
7976
7977
7978
7979
7980
7981
7983
7993
7994
7996
7998
7999
8000
8001
8002
8003
8004
8012
8013
8014
8015
8016
8017
8018
8019
8020
8021
8022
8023
8024
8025
8026
8027
8028
8029
8030
8031
8033
8035
8036
8037
8038
8039
8040
8045
8046
8047
8048
8082
8085
8086
8091
8093
8094
8095
8096
8097
8099
8100
8101
8102
8103
8104
8105
8106
8107
8108
8109
8110
8111
8112
8113
8114
8115
8116
8117
8118
8119
8120
8121
8123
8124
8125
8126
8127
8128
8129
8130
8131
