8132
8133
8134
8135
8136
8137
8138
8142
8143
8144
8145
8146
8147
8148
8149
8150
8151
8152
8153
8154
8155
8156
8157
8158
8159
8160
8161
8162
8166
8167
8168
8169
8170
8171
8172
8173
8174
8175
8176
8177
8178
8179
8183
8186
8187
8189
8190
8191
8192
8193
8194
8195
8196
8197
8198
8199
8200
8201
8202
8203
8205
8206
8212
8213
8214
8215
8216
8217
8218
8219
8220
8221
8222
8223
8224
8238
8239
8240
8241
8242
8243
8244
8245
8246
8257
8258
8259
8260
8261
8262
8263
8264
8265
8266
8267
8268
8269
8270
8271
8272
8273
8276
8277
8278
8280
8281
8282
8283
8284
8294
8295
8296
8297
8298
8299
8300
8301
8302
8303
8304
8305
8306
8312
8313
8320
8321
8322
8323
8324
8325
8331
8332
8333
8336
8337
8338
8339
8340
8341
8342
8344
8345
8346
8347
8348
8349
8350
8351
8353
8354
