5867
5868
5869
5871
5872
5873
5874
5875
5876
5877
5878
5884
5885
5887
5913
5914
5915
5916
5917
5918
5919
5921
5922
5923
5924
5928
5929
5939
5940
5941
5942
5943
5944
5947
5948
5949
5950
5951
5952
5953
5954
5955
5956
5957
5958
5959
5960
5961
5962
5963
5964
5965
5966
5967
5968
5969
5970
5971
5972
6030
6031
6032
6033
6034
6035
6036
6076
6077
6078
6079
6080
6081
6082
6083
6084
6085
6086
6087
6089
6090
6091
6093
6094
6098
6099
6102
6103
6104
6105
6106
6107
6108
6109
6110
6116
6118
6119
6120
6121
6122
6123
6124
6125
6126
6127
6128
6129
6130
6131
6132
6133
6134
6135
6136
6159
6160
6161
6162
6163
6164
6165
6166
6168
6176
6177
6178
6179
6185
6186
6187
6193
6194
6195
6196
6197
6198
6199
6200
6201
6202
6203
6204
6205
6206
6207
6208
6209
6210
6211
6212
