8355
8356
8357
8358
8359
8360
8361
8362
8363
8364
8365
8366
8368
8371
8372
8373
8374
8375
8376
8377
8378
8379
8380
8390
8391
8392
8393
8394
8395
8396
8397
8398
8399
8400
8401
8402
8403
8405
8406
8407
8408
8409
8410
8411
8412
8413
8414
8415
8416
8421
8422
8423
8424
8425
8426
8427
8452
8456
8464
8466
8467
8468
8469
8470
8486
8487
8488
8489
8490
8491
8492
8493
8494
8495
8496
8506
8507
8526
8527
8528
8529
8530
8531
8532
8533
8534
8535
8536
8537
8538
8544
8545
8546
8547
8548
8549
8550
8551
8552
8553
8554
8555
8556
8557
8558
