6213
6214
6215
6216
6217
6218
6234
6235
6236
6237
6238
6239
6240
6241
6242
6248
6249
6252
6255
6256
6257
6258
6259
6284
6285
6314
6315
6316
6317
6318
6319
6320
6321
6328
6329
6330
6331
6332
6333
6334
6344
6345
6346
6347
6348
6349
6350
6351
6352
6353
6354
6355
6356
6357
6359
6360
6361
6362
6363
6367
6368
6369
6370
6371
6372
6373
6374
6375
6376
6377
6378
6380
6381
6382
6383
6384
6385
6386
6387
6388
6389
6390
6391
6394
6395
6396
6398
6399
6400
6401
6402
6403
6404
6405
6406
6407
6408
6424
6427
6428
6429
6430
6431
6432
6433
6434
6435
6436
6437
6439
6440
6441
6443
6444
6445
6446
6447
6448
6449
6451
6452
6455
6456
6457
6458
6459
6460
6461
6462
6463
6464
6503
6513
6514
6515
6516
6517
6518
6519
6520
6522
6526
6527
6528
6529
6530
6531
6532
6533
6534
