7660
7661
7678
7679
7681
7682
7683
7684
7685
7686
7687
7693
7694
7697
7698
7699
7700
7701
7702
7703
7704
7705
7706
7707
7708
7709
7710
7711
7712
7713
7714
7715
7716
7717
7718
7719
7720
7721
7734
7735
7736
7737
7738
7739
7740
7741
7742
7743
7759
7760
7762
7763
7764
7765
7766
7776
7777
7778
7779
7780
7781
7782
7783
7784
7785
7786
7787
7788
7789
7790
7791
7792
7793
7794
7795
7796
7797
7799
7800
7801
7802
7803
7804
7805
7806
7807
7808
7809
7810
7811
7812
7813
7814
7815
7816
7817
7835
7836
7837
7838
7839
7840
7842
7843
7844
7845
7846
7847
7848
7849
7860
7861
7862
7863
7864
7865
7866
7867
7869
7870
7871
7872
7873
7874
7875
7876
7877
7878
7887
7888
7889
7890
7891
7892
7894
7895
7896
7897
7898
7899
7900
7901
7902
7903
7904
7905
7906
7907
7908
7909
