8001
8002
8003
8004
8012
8013
8014
8015
8016
8017
8018
8019
8020
8021
8022
8023
8024
8025
8026
8027
8028
8029
8030
8031
8033
8035
8036
8037
8038
8039
8040
8045
8046
8047
8048
8082
8085
8086
8091
8093
8094
8095
8096
8097
8099
8100
8101
8102
8103
8104
8105
8106
8111
8112
8113
8114
8115
8116
8117
8118
8119
8120
8121
8123
8124
8125
8126
8127
8128
8129
8130
8131
8132
8133
8134
8135
8136
8137
8138
8142
8143
8144
8145
8146
8147
8148
8149
8150
8151
8152
8153
8154
8155
8156
8157
8158
8159
8160
8161
8162
8166
8167
8168
8170
8171
8172
8173
8174
8175
8176
8177
8178
8179
8183
8186
8187
8190
8191
8192
8193
8194
8195
8196
8197
8198
8199
8200
8201
8202
8203
8205
8206
8212
8213
8214
8215
8216
8217
8218
8219
8220
8221
8222
8223
8224
8238
8239
8240
8241
8242
8243
8244
8245
8246
