6030
6031
6032
6033
6034
6035
6036
6085
6086
6087
6089
6090
6091
6093
6094
6098
6099
6102
6103
6104
6105
6106
6107
6108
6109
6110
6116
6118
6119
6120
6121
6122
6123
6124
6125
6126
6127
6128
6129
6130
6131
6132
6133
6134
6135
6136
6159
6160
6161
6162
6163
6164
6165
6166
6168
6176
6177
6178
6179
6185
6186
6187
6193
6194
6195
6201
6202
6203
6204
6205
6206
6207
6208
6209
6210
6211
6212
6213
6214
6215
6216
6217
6218
6234
6235
6236
6237
6238
6239
6240
6241
6248
6249
6252
6255
6256
6257
6258
6259
6284
6285
6314
6315
6316
6317
6318
6319
6320
6321
6328
6329
6330
6331
6332
6333
6334
6424
6427
6428
6429
6430
6431
6432
6433
6434
6435
6436
6437
6439
6440
6441
6443
6444
6445
6446
6447
6448
6449
6451
6452
6455
6456
6457
6458
6459
6460
6461
6462
6463
6464
