6514
6515
6516
6517
6518
6519
6520
6522
6526
6527
6528
6529
6530
6531
6532
6533
6534
6535
6536
6537
6538
6539
6540
6541
6542
6543
6544
6545
6563
6564
6565
6566
6567
6571
6572
6573
6574
6575
6576
6577
6578
6579
6580
6581
6582
6583
6584
6585
6586
6587
6588
6589
6590
6591
6592
6593
6594
6595
6596
6597
6598
6599
6600
6607
6608
6610
6612
6613
6614
6615
6616
6617
6618
6619
6620
6621
6622
6623
6624
6625
6627
6628
6629
6630
6631
6632
6633
6636
6637
6638
6639
6644
6645
6646
6647
6650
6662
6663
6664
6665
6666
6667
6668
6669
6670
6671
6672
6673
6685
6691
6693
6694
6695
6696
6697
6711
6712
