6713
6723
6724
6725
6726
6727
6728
6729
6730
6753
6754
6755
6756
6762
6764
6765
6768
6769
6781
6782
6783
6784
6785
6786
6787
6788
6789
6790
6791
6792
6793
6794
6795
6796
6797
6798
6799
6800
6801
6802
6803
6804
6805
6806
6808
6809
6810
6811
6812
6813
6814
6815
6816
6817
6818
6819
6820
6821
6822
6823
6824
6825
6826
6827
6852
6853
6854
6864
6865
6866
6867
6868
6883
6884
6885
6886
6887
6888
6889
6890
6891
6892
6893
6894
6895
6896
6909
6910
6913
6914
6915
6916
6917
6918
6919
6920
6921
6922
6923
6924
6925
6926
6927
6928
6929
6932
6933
6934
6935
6936
6937
6938
6939
6940
6941
6942
6943
6944
6945
6946
6947
6948
6949
6950
6951
6953
6954
6955
6956
6959
6960
6961
6962
6963
6964
6965
6966
6967
6968
6969
6970
6971
6972
6973
6974
6975
6976
6977
6978
6980
6981
6982
6983
6987
6988
6989
6991
6992
6994
6995
6996
6997
6998
6999
7000
