5002
5003
5004
5005
5006
5007
5008
5009
5010
5011
5012
5013
5014
5015
5016
5017
5018
5019
5022
5023
5024
5025
5026
5027
5028
5029
5030
5031
5032
5033
5034
5035
5036
5037
5044
5045
5046
5047
5048
5049
5050
5051
5052
5053
5054
5055
5056
5057
5058
5059
5062
5063
5064
5076
5077
5078
5079
5080
5081
5082
5083
5084
5085
5086
5087
5094
5095
5096
5097
5098
5099
5100
5101
5102
5103
5152
5155
5158
5159
5160
5161
5162
5163
5164
5165
5166
5167
5168
5180
5185
5186
5187
5188
5189
5190
5191
5194
5195
5196
5197
5198
5199
5200
5201
5202
5203
5204
5205
5206
5207
5208
5209
5210
5211
5212
5213
5214
5215
5216
5217
5218
5219
5220
5221
5359
5360
5361
5362
5363
5364
5365
5438
5503
5504
5505
5506
5507
5508
5509
5510
5511
5512
5513
5514
5515
5516
5517
5518
5519
5520
5521
5522
5523
5524
5525
5526
5527
5528
5529
5530
5531
5532
5533
5534
5535
5536
5537
5538
5539
5540
5541
5542
5543
5544
5545
5546
5547
5548
5549
5550
5551
5552
5553
5572
5573
5574
5575
5618
6733
6766
6767
7061
7166
7325
7329
7358
7359
7360
7361
7362
7708
8110
8348
8464
8467
8468
8537
