5227
5228
5229
5230
5231
5232
5233
5234
5235
5236
5237
5238
5239
5240
5241
5242
5337
5338
5339
5366
5369
5415
5417
5433
5434
5435
5436
5437
5568
5569
5570
5571
5577
5579
5580
5589
5590
5591
5592
5593
5594
5635
5727
5758
5759
5761
5762
5763
5764
5765
5768
5769
5866
5867
5868
5869
5870
5871
5872
5873
5874
5875
5876
5877
5878
5879
5880
5881
5882
5883
5884
5885
5886
5887
5907
5913
5914
5939
5940
5945
5946
5947
5948
5949
6076
6077
6078
6079
6080
6081
6082
6083
6084
6115
6196
6197
6198
6199
6200
6242
6353
6513
6557
6558
6559
6560
6561
6562
6731
6732
6734
6735
6736
6739
6758
6759
6859
7009
7121
7279
7282
7330
7405
7406
7407
7626
7633
7678
7712
7777
8349
8350
8351
8494
8538
8544
8545
8550
