5002
5003
5004
5005
5006
5007
5008
5009
5010
5011
5012
5013
5014
5015
5016
5017
5018
5019
5022
5023
5024
5025
5026
5027
5028
5029
5030
5031
5032
5033
5034
5035
5036
5037
5039
5044
5045
5046
5047
5048
5049
5050
5051
5052
5053
5054
5055
5056
5057
5058
5059
5062
5063
5064
5065
5076
5077
5078
5079
5080
5081
5082
5083
5084
5085
5086
5087
5088
5089
5090
5091
5092
5093
5094
5095
5096
5097
5098
5099
5100
5101
5102
5103
5152
5155
5158
5159
5160
5161
5162
5163
5164
5165
5166
5167
5168
5174
5175
5176
5177
5178
5179
5180
5181
5182
5183
5184
5185
5186
5187
5188
5189
5190
5191
5194
5195
5196
5197
5198
5199
5200
5201
5202
5203
5204
5205
5206
5207
5208
5209
5210
5211
5212
5213
5214
5215
5216
5217
5218
5219
5220
5221
5227
5228
5229
5230
5231
5232
5233
5234
5235
5236
5237
5238
5239
5240
5241
5242
5294
5295
5296
5297
5298
5299
5300
5301
5302
5303
5304
5305
5306
5307
5308
5309
5310
5311
5312
5313
5314
5315
5317
5318
5319
5320
5321
5332
5333
5334
5335
5336
5337
5338
5339
5359
5360
5361
5362
5363
5364
5365
5366
5369
5415
5417
5433
5434
5435
5436
5437
5438
5503
5504
5505
5506
5507
5508
5509
5510
5511
5512
5513
5514
5515
5516
5517
5518
5519
5520
5521
5522
5523
5524
5525
5526
5527
5528
5529
5530
5531
5532
5533
5534
5535
5536
5537
5538
5539
5540
5541
5542
5543
5544
5545
5546
5547
5548
5549
5550
5551
5552
5553
5568
5569
5570
5571
5572
5573
5574
5575
5577
5579
5580
5589
5590
5591
5592
5593
5594
5618
5635
5727
5758
5759
5761
5762
5763
5764
5765
5768
5769
5866
5867
5868
5869
5870
5871
5872
5873
5874
5875
5876
5877
5878
5879
5880
5881
5882
5883
5884
5885
5886
5887
5913
5914
5945
5946
5947
5948
5949
6076
6077
6078
6079
6080
6081
6082
6083
6084
6196
6197
6198
6199
6200
6242
6353
6513
6557
6558
6559
6560
6561
6562
6731
6732
6733
6734
6735
6736
6739
6758
6759
6766
6767
6859
7009
7061
7121
7166
7279
7282
7325
7329
7330
7358
7359
7360
7361
7362
7405
7406
7407
7517
7518
7519
7520
7521
7522
7523
7524
7525
7526
7529
7530
7531
7532
7533
7534
7535
7536
7537
7538
7539
7540
7541
7542
7543
7544
7545
7546
7547
7548
7549
7550
7551
7552
7553
7554
7555
7556
7557
7558
7559
7560
7561
7562
7563
7564
7565
7566
7567
7568
7569
7570
7571
7572
7573
7574
7575
7576
7577
7578
7579
7580
7581
7582
7583
7584
7585
7586
7588
7589
7590
7626
7633
7678
7708
7709
7710
7711
7712
7777
8107
8108
8109
8110
8189
8348
8349
8350
8351
8444
8452
8456
8464
8467
8468
8494
8537
8538
8544
8545
8550
