7251
7252
7253
7255
7256
7257
7258
7259
7260
7261
7262
7263
7264
7265
7266
7267
7268
7283
7284
7285
7286
7287
7288
7289
7291
7292
7293
7294
7295
7296
7297
7306
7307
7310
7311
7312
7313
7314
7315
7316
7317
7318
7319
7320
7321
7322
7323
7324
7326
7328
7331
7332
7333
7336
7337
7338
7339
7340
7341
7342
7343
7344
7345
7346
7347
7348
7349
7350
7351
7352
7353
7354
7355
7356
7357
7363
7364
7365
7368
7369
7370
7371
7372
7373
7374
7375
7376
7377
7378
7379
7391
7392
7393
7394
7395
7396
7397
7398
7399
7401
7402
7403
7404
7408
7409
7413
7414
7415
7416
7417
7418
7419
7423
7424
7425
7426
7427
7428
7429
7430
