8258
8260
8261
8262
8263
8264
8265
8266
8267
8268
8269
8270
8271
8272
8273
8276
8277
8278
8280
8281
8282
8283
8284
8294
8296
8297
8298
8299
8300
8301
8302
8303
8304
8305
8306
8312
8313
8320
8321
8322
8323
8324
8325
8331
8332
8333
8336
8337
8338
8339
8340
8341
8342
8344
8345
8346
8347
8353
8354
8355
8356
8357
8358
8359
8360
8361
8362
8363
8364
8365
8366
8368
8371
8372
8373
8374
8375
8376
8377
8378
8379
8380
8390
8391
8392
8393
8394
8395
8396
8397
8398
8399
8400
8401
8402
8403
8405
8406
8407
8408
8409
8410
8411
8412
8413
8414
8415
8416
8421
8422
8423
8424
8425
8426
8427
8466
8469
8470
8486
8487
8488
8489
8490
8491
8492
8493
8495
8496
8506
8526
8527
8528
8529
8530
8531
8532
8533
8534
8535
8536
8546
8547
8548
8549
8551
8552
8553
8554
8555
8556
8557
8558
