5408
5409
5439
5440
5441
5442
5443
5444
5445
5446
5447
5448
5449
5450
5451
5452
5453
5454
5455
5456
5457
5458
5459
5460
5461
5462
5463
5464
5465
5466
5467
5468
5469
5471
5472
5473
5474
5475
5476
5477
5478
5486
5488
5489
5576
5581
5582
5583
5613
5616
5619
5620
5636
5637
5639
5640
5641
5642
5643
5644
5645
5646
5648
5649
5650
5651
5652
5653
5655
5656
5749
5750
5751
5752
5753
5757
5770
5771
5772
5773
5774
5775
5776
5777
5778
5786
5787
5788
5789
5790
5791
5792
5793
5794
5795
5796
5797
5798
5799
5800
5801
5802
5803
5804
5805
5806
5807
5808
5809
5810
5811
5812
5813
5814
5815
5816
5817
5818
5819
5907
5915
5916
5917
5918
5919
5921
5922
5923
5924
5928
5929
5939
5940
5942
5943
5944
5950
5952
5953
5954
5955
5956
5957
5958
5959
5960
5961
5962
5963
5964
5965
5966
5967
5968
5969
5970
5971
5972
