7001
7002
7003
7004
7005
7006
7007
7008
7010
7011
7012
7013
7014
7015
7016
7017
7018
7019
7020
7021
7022
7023
7024
7025
7026
7040
7041
7044
7045
7046
7047
7048
7058
7059
7060
7062
7063
7064
7065
7066
7067
7068
7069
7070
7071
7072
7073
7074
7075
7076
7077
7079
7080
7081
7082
7083
7086
7087
7088
7089
7090
7091
7092
7093
7094
7095
7096
7097
7098
7099
7100
7106
7107
7108
7110
7113
7114
7115
7118
7119
7120
7122
7127
7128
7129
7130
7131
7139
7140
7141
7142
7143
7144
7145
7146
7147
7148
7149
7150
7151
7152
7153
7154
7155
7156
7157
7158
7159
7160
7161
7162
7163
7165
7167
7168
7169
7170
7171
7172
7173
7174
7175
7176
7180
7181
7183
7184
7185
7186
7187
7188
7189
7190
7191
7192
7193
7195
7196
7207
7208
7209
7210
7211
7212
7213
7214
7215
7216
7226
7227
7228
7229
7230
7232
7235
7236
7237
7238
7239
7241
7242
7243
7244
7245
7246
7247
7248
7249
