5039
5065
5088
5089
5090
5091
5092
5093
5174
5175
5176
5177
5178
5179
5181
5182
5183
5184
5294
5295
5296
5297
5298
5299
5300
5301
5302
5303
5304
5305
5306
5307
5308
5309
5310
5311
5312
5313
5314
5315
5317
5318
5319
5320
5321
5332
5333
5334
5335
5336
7517
7518
7519
7520
7521
7522
7523
7524
7525
7526
7529
7530
7531
7532
7533
7534
7535
7536
7537
7538
7539
7540
7541
7542
7543
7544
7545
7546
7547
7548
7549
7550
7551
7552
7553
7554
7555
7556
7557
7558
7559
7560
7561
7562
7563
7564
7565
7566
7567
7568
7569
7570
7571
7572
7573
7574
7575
7576
7577
7578
7579
7580
7581
7582
7583
7584
7585
7586
7588
7589
7590
7709
7710
7711
8107
8108
8109
8189
8444
8452
8456
