3311
3305
3308
3310
3311
3314
3316
3318
3319
3320
3321
3322
3323
3324
3327
3328
3342
3343
3344
4501
4502
4503
4504
4505
4506
4507
4508
3453
3454
3455
3486
3487
3488
3489
3490
3491
3492
3493
3494
3495
3496
3497
3498
3499
3500
3501
3502
3503
3504
3505
3506
3507
3640
3641
3997
3998
3999
4000
4001
4002
4003
4004
4005
4007
4008
4009
4010
4011
4012
4013
4014
4015
4016
4017
4018
4019
4020
4021
4022
4023
4215
4439
4440
4441
4442
4450
4677
4678
4679
4680
4681
4682
4683
4684
4687
4688
4689
4691
4692
4693
4694
4695
